- OS: Windows-10-10.0.26100-SP0 10.0.26100
- Python: 3.9.21
- Stable-Baselines3: 2.5.0
- PyTorch: 2.6.0+cpu
- GPU Enabled: False
- Numpy: 1.26.4
- Cloudpickle: 3.1.1
- Gymnasium: 1.0.0
